[gd_scene load_steps=6 format=2]

[ext_resource path="res://Player.tscn" type="PackedScene" id=1]
[ext_resource path="res://Floor.tscn" type="PackedScene" id=2]
[ext_resource path="res://bin/playercam.gdns" type="Script" id=3]
[ext_resource path="res://GUI.tscn" type="PackedScene" id=4]
[ext_resource path="res://Platform.tscn" type="PackedScene" id=5]

[node name="Level" type="Spatial"]

[node name="Player" parent="." instance=ExtResource( 1 )]
transform = Transform( 1, 0, 0, 0, 1, 0, 0, 0, 1, 0, 3, 0 )
Velocity = 5.0

[node name="Pivot" type="Spatial" parent="Player"]

[node name="Camera" type="Camera" parent="Player/Pivot"]
transform = Transform( -4.37114e-08, 0, -1, 0, 1, 0, 1, 0, -4.37114e-08, -8, 0, 0 )
script = ExtResource( 3 )
mouse_sensitivity = 0.05

[node name="CamCollider" type="RayCast" parent="Player/Pivot"]
enabled = true
cast_to = Vector3( -8, 0, 0 )

[node name="GUI" parent="Player" instance=ExtResource( 4 )]

[node name="LedgeCollider1" type="RayCast" parent="Player"]
transform = Transform( 1, 0, 0, 0, 1, 0, 0, 0, 1, 0, 0.75, 0 )
enabled = true
cast_to = Vector3( 2, 0, 0 )

[node name="LedgeCollider2" type="RayCast" parent="Player"]
transform = Transform( 0.997564, -0.0697565, 0, 0.0697565, 0.997564, 0, 0, 0, 1, 0, 0.75, 0 )
enabled = true
cast_to = Vector3( 2, 0, 0 )

[node name="WallCollider1" type="RayCast" parent="Player"]
transform = Transform( 0.707107, 0, -0.707107, 0, 1, 0, 0.707107, 0, 0.707107, 0, 0, 0 )
enabled = true
cast_to = Vector3( 2, 0, 0 )

[node name="WallCollider2" type="RayCast" parent="Player"]
transform = Transform( 0.707107, 0, 0.707107, 0, 1, 0, -0.707107, 0, 0.707107, 0, 0, 0 )
enabled = true
cast_to = Vector3( 2, 0, 0 )

[node name="FloorCollider1" type="RayCast" parent="Player"]
transform = Transform( 0.737277, 0.67559, 0, -0.67559, 0.737277, 0, 0, 0, 1, 0, 0, 0 )
enabled = true
cast_to = Vector3( 1.75, 0, 0 )

[node name="Floor2" parent="." instance=ExtResource( 2 )]
transform = Transform( 20, 0, 0, 0, 1, 0, 0, 0, 20, 0, 0, 0 )

[node name="Platform" parent="." instance=ExtResource( 5 )]
transform = Transform( 5, 0, 0, 0, 1, 0, 0, 0, 5, 10, 5, 10 )
